89ad69455c60ca321dfa7c28a5ef8d7460ea1603a10869b9c5e063ff413b079f 0 0 0 0
4fc8f15047fc3cfc929393870b1ae17320af26134ab00e7f43b73316cd16be79 0 0 0 0
5ffc335b491ffba27ba8fac20cdac05be33b3ca0ba37727b5119f6b1e2d2cc60 36 36 39740 24
b32d55f50518d26afa3b58f94ae9bf7dfef6c6b18de075ba847943291ebf56ed 0 0 0 0
79e9e68379bfd523325cb3c735f60b1a86d79f6608f1fe1691cf356693afc3bf 1 1 63789 0
f351c52ca2e97a1245f6ad8225dd98cec026de8bd9fe4b1ed400193925d17cf4 1860 0 0 0
491a1c2f64a0a3675ce490d9261f1513b874aa63ba6f19158fedc16b4335d67a 30 19 1065 639
146f5191c9abada296cafcdf199464a7545bc28dc49bb0ca88fe6efda0dfd1f2 2 2 185 1
a87fd0ae643c8c96e716627e6080a8bedded01ebad14ebc3388d3b495ede5a56 822 0 0 0
2b5bd18b8b713c60e3a0cf1cde5fa033696bb3c682963a1ae413a87ef7e4d29c 688 0 0 0
e6cc9d09497918ce560347b5dde5212ff0c0dadf40811081ca679883abf4be9a 2 2 700 5
1c5124ba0145ce619b7ad1c97dd0308513b7de67c84981a64c125eedeb1d9408 2 2 6816 5
8a41f66d7c97299552be7ce59218f3f7788dc53e5e7cf118cd11a2eb884b0ce8 2 2 1522 5
97acdd92fc89a0b99a54f4fa560db5927e9a89682ce800f182f41e5d8fd470ec 2342 0 0 0
351c7083cee7520412553d9e815bf56bdc58646274494783fc0da6005a53bf95 1 1 6626 0
f303606ee891354fdc4df4c52958e8f53f67517439c3dc80662500e296d09cbe 3 3 728 0
3b7badde7f0b0ee5f2b13d920b0b756707091a3d2f3923bda2a4da082ff44c20 7603 0 0 0
565f975f872cd04067e1190550e32579f3c9d79b081f6354e65513c49ddcada0 3474 0 0 0
cd17fe08410835c938baaf6472a9c2f09738baef1edc47992ec0b016cdb85f12 2 2 5623 5
bd55c8b8b075cc3bdd24332a435004d4c3ac5e9925fb129c99a735df83771dec 6119 0 0 0
db6919f2ad1ba57e00b340c28bd321f24eae7f109d8ed5001aeab2f92dd2de9c 15 0 0 0
166a7908449469a7f8f49fc7c8a03a3c714716a14fbdc428f734efc663fc8741 653 0 0 0
b02ba8d487ed72a2b52fa2004189cc3f046a9b00678f809039649c1575895d99 8 8 11896 16
45ee945fa6d886fbc77d3263bab9a8365db9f568f89cc9e99c8f70c9a53397cc 805 0 0 0
fe7dbbfd7f6e6d8efc63e58557b031aec07bc546d31e5314512bae9e48a1e5b4 92 0 0 0
d7328241d5f964d7b00f3203ddf17516fd1ad292635360a88402c1cf22a9cd2d 136 0 0 0
3259f3ced0f8555bb8c9b8b5275efaddae1b316201bee9bc176afe0c2b0c0eb0 2 2 1043 95
ac515e0d5bcde166522d8ef973a002eee43b58c50ce2861ac43d735efa092a8b 268 0 0 0
8576241151283db1e691e991f156e99f72e41d06f6e37888162d000e996630ce 1139 1 11 3
9ddcd764f2330adbcfe752da30ffc809c1c7a7d3e8fe34292c21041927324345 16 0 0 0
3b5157ebe2361b9c5b37bdc95dcb246e9c63cdd5338bf10fc660bb861822ba50 6 6 6953 143
12044fb0806f416428940de0baa24a7b25b39be0de4e1aa391a9092e35479e82 6 6 19292 260
7b0947e1b8d0b382ba2dee6d05a5e480eb58895b35f85f0069be08aafba48ee3 0 0 0 0
394dc93673a72e2653da7f6f5e05f006fc5cb74d5e43f4774b7e2614a3c2ddf2 1 1 20394 0
d92621051f3d234a64c613f01ba41c22014031c54c0855573ddcb8fa50ed4cbf 4 4 16822 511
c7eadfa4962162c0f908c0d31a0dff24327161f3de521fcb0a6dd690c660209d 3 3 7266 988
